 61     0.00000000000000000000
 62     0.00000000000000000000
 63     0.00000000000000000000
 64     0.00000000000000000000
 65     0.00000000000000000000
 66     0.00000000721604569642
 67     0.00000002322604000520
 68     0.00000004028364789963
 69     0.00000008690602132959
 70     0.00000018854316051690
 71     0.00000046324376480000
 72     0.00000165523429511883
 73     0.00000522403177008350
 74     0.00001188191049499510
 75     0.00003523543021660759
 76     0.00017540694336580403
 77     0.00031742874441612040
 78     0.00056940551180459907
 79     0.00090551369634810997
 80     0.00174580429957774726
 81     0.00215236055775632406
 82     0.00339714431030966940
 83     0.00574063196365423144
 84     0.00924311284561929979
 85     0.01462078865475330974
 86     0.01885680347826209843
 87     0.02463925869688171622
 88     0.03413118652881825393
 89     0.04390033933833690366
 90     0.05614526712193495389
 91     0.05736805689182698093
 92     0.05769965573075161447
 93     0.06116524433816546147
 94     0.06404928180077598676
 95     0.06467362345426004577
 96     0.06204540237198673952
 97     0.06001633673683636622
 98     0.05867790464610503354
 99     0.05973336447568889512
100     0.06656365934250473015
101     0.05113724969151824812
102     0.04349763640039559787
103     0.03237043067905803068
104     0.02062471171502009565
105     0.01199643649666409621
106     0.00531711411807687852
107     0.00301706469030060386
108     0.00130420230375392367
109     0.00081246702507725005
110     0.00065039588372961716
111     0.00042488020827594709
112     0.00037633595938878716
113     0.00032547369672107201
114     0.00032227522047624383
115     0.00033807237499748789
116     0.00033934602633367957
117     0.00036744084351046110
118     0.00033563650355311430
119     0.00034947597005845806
120     0.00035569836375130999
121     0.00036732681715052873
122     0.00043910638816884004
123     0.00043972724507201802
124     0.00063202510576800008
125     0.00067889688096354312
126     0.00097179105132048004
127     0.00305842124251719683
128     0.00503001436652516717
129     0.00834549439440127570
130     0.01819727099980634685
131     0.03218067163498507244
132     0.04661551851749339698
133     0.06707138798789119560
134     0.07609875237809986259
135     0.06616107653458712379
136     0.06047115690835584700
137     0.06311711568554191631
138     0.06700012142463653009
139     0.06366590223889577460
140     0.05970102752246848887
141     0.05937534836147853601
142     0.05513957091982310543
143     0.05729625266639314790
144     0.05272467477733400881
145     0.03784666767431923984
146     0.02917380077374788841
147     0.02134482249143846919
148     0.01678599922101010541
149     0.01036122225822102595
150     0.00684515157137280048
151     0.00411141335740347180
152     0.00270298584694026595
153     0.00166712375933214985
154     0.00072170194813417181
155     0.00039390529786866003
156     0.00020216955997538627
157     0.00010560770993896584
158     0.00006481893504270101
159     0.00003000991816410334
160     0.00001129685015009830
161     0.00000332533506850765
162     0.00000057707215421199
163     0.00000009601333997887
164     0.00000005760952638646
165     0.00000002301958586745
166     0.00000000960396378665
167     0.00000000383513371118
168     0.00000000095935873808
169     0.00000000057572035879
170     0.00000000019187156808
171     0.00000000006713848444
172     0.00000000001919693844
173     0.00000000000000000000
174     0.00000000000000000000
175     0.00000000000000000000
176     0.00000000000000000000
177     0.00000000000000000000
178     0.00000000000000000000
179     0.00000000000000000000
180     0.00000000000000000000
